484.13 315.57 326.15 155.74 458.82 30.11 509.28 110.20 499.07 24.19 250.79 338.24 150.88 165.15 119.41 1303.36 484.13 315.57 326.15 155.74 458.82 30.11 509.28 110.20 499.07 24.19 250.79 338.24 150.88 165.15 119.41 1303.36 
133.29 203.70 1479.37 137.37 467.94 54.34 463.90 120.76 371.72 471.47 585.28 653.50 370.32 204.61 78.03 240.08 133.29 203.70 1479.37 137.37 467.94 54.34 463.90 120.76 371.72 471.47 585.28 653.50 370.32 204.61 78.03 240.08 
638.13 353.29 1018.56 224.76 380.33 11.95 522.43 133.71 65.33 996.57 1215.63 773.01 585.79 809.48 91.46 969.04 638.13 353.29 1018.56 224.76 380.33 11.95 522.43 133.71 65.33 996.57 1215.63 773.01 585.79 809.48 91.46 969.04 
1516.16 1122.03 55.92 125.89 247.58 94.85 1.75 870.65 484.11 168.41 1048.60 101.22 258.81 24.44 33.42 698.60 1516.16 1122.03 55.92 125.89 247.58 94.85 1.75 870.65 484.11 168.41 1048.60 101.22 258.81 24.44 33.42 698.60 
38.84 1314.80 964.72 338.98 91.35 494.16 274.73 63.20 764.33 87.41 234.12 402.80 172.29 244.31 16.70 238.37 38.84 1314.80 964.72 338.98 91.35 494.16 274.73 63.20 764.33 87.41 234.12 402.80 172.29 244.31 16.70 238.37 
985.42 1207.75 151.63 55.27 578.99 153.52 222.35 463.90 174.14 68.97 1301.12 221.23 64.99 964.14 318.77 80.58 985.42 1207.75 151.63 55.27 578.99 153.52 222.35 463.90 174.14 68.97 1301.12 221.23 64.99 964.14 318.77 80.58 
322.51 365.66 309.52 12.75 43.45 216.28 507.87 39.76 17.32 843.02 88.46 424.42 287.84 214.74 774.79 698.79 322.51 365.66 309.52 12.75 43.45 216.28 507.87 39.76 17.32 843.02 88.46 424.42 287.84 214.74 774.79 698.79 
740.78 156.71 560.99 123.46 308.86 369.49 617.99 412.89 113.60 504.89 1295.96 19.79 48.23 25.11 960.05 40.60 740.78 156.71 560.99 123.46 308.86 369.49 617.99 412.89 113.60 504.89 1295.96 19.79 48.23 25.11 960.05 40.60 
784.17 25.40 1501.00 121.93 98.17 597.37 5.01 877.97 185.06 279.37 295.26 92.75 248.80 131.12 74.30 482.95 784.17 25.40 1501.00 121.93 98.17 597.37 5.01 877.97 185.06 279.37 295.26 92.75 248.80 131.12 74.30 482.95 
121.96 1119.65 494.20 101.20 851.72 116.87 870.25 642.55 241.72 643.28 229.68 22.07 1460.00 540.11 229.65 179.59 121.96 1119.65 494.20 101.20 851.72 116.87 870.25 642.55 241.72 643.28 229.68 22.07 1460.00 540.11 229.65 179.59 
749.05 38.41 611.85 149.40 401.11 311.65 397.56 543.26 65.41 114.41 170.49 274.15 174.51 78.70 321.82 284.73 749.05 38.41 611.85 149.40 401.11 311.65 397.56 543.26 65.41 114.41 170.49 274.15 174.51 78.70 321.82 284.73 
49.97 12.69 595.47 3.96 60.11 405.85 269.09 110.69 508.05 868.89 75.83 107.63 44.96 22.59 138.13 553.53 49.97 12.69 595.47 3.96 60.11 405.85 269.09 110.69 508.05 868.89 75.83 107.63 44.96 22.59 138.13 553.53 
456.14 152.65 759.44 263.23 1059.81 153.40 106.04 396.49 785.71 826.79 6.22 187.07 132.96 677.92 47.61 717.93 456.14 152.65 759.44 263.23 1059.81 153.40 106.04 396.49 785.71 826.79 6.22 187.07 132.96 677.92 47.61 717.93 
14.11 341.37 106.49 915.63 186.74 1084.76 1.39 169.31 0.86 7.98 420.95 709.99 181.15 586.17 119.52 92.41 14.11 341.37 106.49 915.63 186.74 1084.76 1.39 169.31 0.86 7.98 420.95 709.99 181.15 586.17 119.52 92.41 
526.83 693.29 280.61 522.03 101.36 1099.67 140.91 261.95 252.39 679.21 76.65 135.51 855.85 287.88 1151.92 55.90 526.83 693.29 280.61 522.03 101.36 1099.67 140.91 261.95 252.39 679.21 76.65 135.51 855.85 287.88 1151.92 55.90 
392.01 1056.94 808.27 467.65 776.59 105.33 242.79 1212.02 598.66 278.04 373.62 140.45 243.35 248.20 111.79 1381.94 392.01 1056.94 808.27 467.65 776.59 105.33 242.79 1212.02 598.66 278.04 373.62 140.45 243.35 248.20 111.79 1381.94 
426.09 828.37 1095.41 96.14 102.05 16.22 144.91 312.42 203.79 234.79 543.36 332.92 336.91 892.15 916.14 783.22 426.09 828.37 1095.41 96.14 102.05 16.22 144.91 312.42 203.79 234.79 543.36 332.92 336.91 892.15 916.14 783.22 
13.14 164.39 133.32 614.81 1260.77 752.53 1079.01 42.17 389.80 111.68 68.25 1217.32 1049.83 694.11 60.72 6.74 13.14 164.39 133.32 614.81 1260.77 752.53 1079.01 42.17 389.80 111.68 68.25 1217.32 1049.83 694.11 60.72 6.74 
376.30 291.14 323.74 462.72 519.46 100.45 58.24 145.91 90.60 563.66 1314.58 8.04 1125.72 288.34 412.44 1036.91 376.30 291.14 323.74 4617 375.28 300.79 329.00 344.95 297.66 349.73 322.73 463.12 407.46 348.78 370.87 430.61 388.62 577.31 453.10 492.40 479.36 511.08 283.53 520.04 334.09 334.83 402.13 312.44 390.02 
411.65 398.40 353.06 502.35 406.82 279.32 382.95 365.99 317.35 331.77 394.41 284.40 409.63 359.01 429.24 420.47 407.71 429.75 428.26 317.86 522.72 453.82 387.87 427.39 528.53 285.06 478.64 299.01 371.44 344.76 269.05 426.66 
399.81 310.37 393.95 419.14 484.83 286.76 402.51 394.16 317.76 308.52 317.58 254.92 385.58 374.55 322.19 452.53 358.96 378.31 412.69 268.16 535.47 504.16 412.24 350.05 465.82 259.11 464.62 324.86 413.49 324.42 222.00 383.08 
371.99 320.59 311.74 414.52 399.82 268.64 322.64 389.58 278.58 319.07 318.40 339.70 301.15 341.35 348.72 408.65 307.36 297.22 398.72 273.15 430.60 448.32 365.63 356.90 382.03 193.42 440.33 309.13 272.65 330.22 232.33 341.74 
272.97 341.90 312.45 310.43 349.63 253.52 261.81 260.51 184.91 304.93 322.22 284.33 273.11 218.67 259.95 313.69 309.32 270.56 301.20 152.07 326.27 328.55 312.43 284.00 354.84 213.83 390.11 214.74 258.03 265.86 213.56 259.60 
518.34 532.91 457.84 574.49 558.71 348.90 494.88 446.91 388.08 450.01 518.25 439.85 459.22 480.82 531.11 567.45 452.66 456.74 488.24 354.00 645.21 541.41 533.85 489.91 559.23 292.71 654.19 434.95 445.32 527.11 396.27 463.95 
397.57 333.38 352.73 473.80 424.04 338.60 402.94 430.97 312.27 363.48 369.95 287.83 403.03 361.98 377.63 466.97 380.90 356.30 446.35 328.72 549.01 530.64 460.18 440.03 539.47 262.72 462.83 335.39 357.22 329.12 232.80 443.12 
488.25 451.77 446.79 495.50 583.82 368.83 433.02 415.27 305.95 398.43 423.01 355.59 422.43 365.81 428.12 476.31 448.74 434.15 446.61 300.91 601.35 526.60 528.27 465.69 557.04 330.49 592.09 342.30 434.43 465.16 333.06 423.95 
505.50 493.11 441.84 616.08 485.13 366.44 464.69 449.30 344.57 447.55 485.01 413.13 502.71 390.04 510.99 488.29 448.14 470.29 462.39 301.59 574.52 563.79 492.98 459.89 603.90 335.38 578.83 390.61 451.49 464.52 328.43 485.72 
486.55 385.98 397.42 512.14 513.35 343.68 373.47 460.40 271.87 399.06 381.12 353.35 369.70 396.11 435.73 501.41 364.55 354.30 443.40 301.08 553.61 467.42 549.66 461.24 506.76 302.73 533.72 326.28 377.05 409.89 305.54 467.68 
404.65 495.79 409.82 487.09 472.28 332.62 413.98 404.71 372.68 404.17 507.81 341.59 426.12 399.49 456.12 501.85 467.41 420.95 517.30 355.85 613.07 495.29 498.83 504.01 610.43 330.64 582.15 342.20 394.62 372.93 348.97 445.13 
450.42 377.45 332.79 450.48 436.07 279.35 344.38 376.82 255.30 341.57 316.48 345.33 360.70 313.51 425.54 366.76 267.52 299.32 388.75 277.62 434.60 454.05 435.84 360.16 431.52 276.84 486.75 318.18 334.14 333.27 274.77 360.99 
447.48 490.96 446.57 514.53 519.67 366.42 432.98 413.35 406.90 418.66 473.10 355.93 434.04 453.76 479.01 547.15 454.63 469.37 524.83 404.21 635.75 507.69 485.83 488.12 525.98 299.77 599.20 377.01 452.71 496.64 346.18 448.44 
328.18 347.44 305.06 417.00 350.11 320.34 323.69 370.04 284.82 377.95 342.55 304.58 295.74 355.61 371.82 456.86 325.34 323.55 412.93 317.88 435.69 420.49 375.85 402.52 394.49 195.01 426.46 286.13 281.12 297.61 240.70 395.99 
